
mut 1000 1
0.000352

mut 1000 2
0.000512

mut 1000 4
0.000516

mut 1000 10
0.001215

mut 1000 20
0.002574

mut 1000 50
0.003985

mut 1000 100
0.004305

mut 1000 200
0.006381

mut 10000 1
0.000306

mut 10000 2
0.000739

mut 10000 4
0.000687

mut 10000 10
0.000950

mut 10000 20
0.001161

mut 10000 50
0.001139

mut 10000 100
0.002154

mut 10000 200
0.004874

mut 100000 1
0.002501

mut 100000 2
0.008732

mut 100000 4
0.008065

mut 100000 10
0.008850

mut 100000 20
0.008153

mut 100000 50
0.008219

mut 100000 100
0.009847

mut 100000 200
0.011705

mut 1000000 1
0.024043

mut 1000000 2
0.087548

mut 1000000 4
0.082329

mut 1000000 10
0.080693

mut 1000000 20
0.082657

mut 1000000 50
0.081860

mut 1000000 100
0.082654

mut 1000000 200
0.082791

mut 10000000 1
0.234912

mut 10000000 2
0.774393

mut 10000000 4
0.804318

mut 10000000 10
0.807658

mut 10000000 20
0.806960

mut 10000000 50
0.816924

mut 10000000 100
0.813695

mut 10000000 200
0.824477

